100
4 2
5 2
6 2
1000 1000
1000 1
821275 662896
370621 322685
500000 128
999999 475712
999999 128
999999 499998
896945 811342
431393 425890
381788 365508
942120 863910
621693 498655
1 1
904816 901671
500000 237857
300739 297343
500000 172962
1000000 262143
734360 697121
500000 249998
999999 475711
500000 500000
450609 408867
999999 2
500000 2
500000 127
725952 689643
572847 446591
500000 499999
1000000 127
999999 457010
1000000 500000
849170 739229
771396 752436
344361 268764
511147 390215
999999 499999
999999 127
1000000 487852
999999 489660
1000000 499999
3 2
500000 250000
872095 684924
999999 262143
874339 839950
999999 999998
1000000 475712
1000000 1000000
500000 249999
646961 635502
5 1
570324 507670
1000000 128
268384 216076
1000000 499998
999999 524287
407340 375069
2 1
851352 644003
1000000 475713
3 1
519729 498412
999999 499997
1000000 999999
500000 131072
333275 315459
977626 794616
523053 411776
500000 262143
891025 770291
1000000 262144
640392 499350
999999 524288
999999 1
2 2
500000 237856
616030 555591
756266 717556
1000000 413449
385916 360831
358463 333483
500000 238557
1000000 1
416201 402940
4 1
500000 262144
500000 131071
1000000 2
1000000 524287
999999 262144
347025 305672
999999 999999
689239 609335
1000000 524288
500000 1
