100
4 2
5 2
6 2
1000 1000
1000 1
901 690
420 404
869 825
999 487
1000 127
2 2
338 283
999 512
999 999
999 495
986 774
999 255
845 684
500 127
711 552
958 880
1000 128
3 1
1 1
5 1
837 830
999 998
4 1
437 418
257 253
361 281
500 2
500 500
500 1
500 244
999 511
874 660
269 240
500 246
1000 488
1000 511
999 128
999 499
879 766
1000 999
500 248
500 174
944 792
1000 495
1000 2
500 245
1000 256
999 497
290 280
748 659
414 396
500 255
650 590
1000 489
610 522
500 116
999 1
999 467
405 368
668 545
999 2
802 670
720 583
844 827
500 117
999 127
999 488
355 342
1000 500
1000 421
640 563
2 1
500 256
500 128
1000 512
338 321
500 74
760 612
341 268
500 249
3 2
610 532
1000 498
923 732
963 905
847 782
999 256
500 499
500 250
788 675
1000 255
999 498
703 563
1000 499
592 462
